start=102.269000
volume=62.000000
fullscreen=yes
