start=12530.784933
volume=62.000000
aid=1
