start=974.348000
pause=yes
volume=66.000000
