start=10.467000
pause=yes
video-aspect-override=1.777778
