start=1535.267000
pause=yes
volume=72.000000
