start=1134.600000
volume=72.000000
