start=0.000000
pause=yes
panscan=0.000000
