start=0.000000
video-aspect-override=0.000000
