start=108.440000
volume=56.000000
