start=2321.183333
volume=98.000000
